--------------------------------１０ｘ１０ （遺伝子２０、最短ルート）--------------------------------
LAST_SCORE:[0, 0, 1, 3, 1, 1, 1, 1, 1, 1, 1, 1, 1, 1, 1, 1, 1, 14, 16, 12]
1:[1, 1, 2, 2, 2, 2, 2, 2, 1, 1, 1, 1, 1, 1, 2, 2]
2:[1, 1, 2, 2, 2, 2, 2, 2, 1, 1, 1, 1, 1, 1, 2, 2]
3:[1, 1, 2, 2, 2, 2, 2, 2, 1, 1, 1, 1, 1, 1, 0, 2]
4:[1, 1, 2, 2, 2, 2, 2, 2, 1, 1, 1, 1, 1, 2, 0, 2]
5:[1, 1, 2, 2, 2, 2, 2, 2, 1, 1, 1, 1, 1, 1, 0, 2]
6:[1, 1, 2, 2, 2, 2, 2, 2, 1, 1, 1, 1, 1, 1, 0, 2]
7:[1, 1, 2, 2, 2, 2, 2, 2, 1, 1, 1, 1, 1, 1, 0, 2]
8:[1, 1, 2, 2, 2, 2, 2, 2, 1, 1, 1, 1, 1, 1, 0, 2]
9:[1, 1, 2, 2, 2, 2, 2, 2, 1, 1, 1, 1, 1, 1, 0, 2]
10:[1, 1, 2, 2, 2, 2, 2, 2, 1, 1, 1, 1, 1, 1, 0, 2]
11:[1, 1, 2, 2, 2, 2, 2, 2, 1, 1, 1, 1, 1, 1, 0, 2]
12:[1, 1, 2, 2, 2, 2, 2, 2, 1, 1, 1, 1, 1, 1, 0, 2]
13:[1, 1, 2, 2, 2, 2, 2, 2, 1, 1, 1, 1, 1, 1, 0, 2]
14:[1, 1, 2, 2, 2, 2, 2, 2, 1, 1, 1, 1, 1, 1, 0, 2]
15:[1, 1, 2, 2, 2, 2, 2, 2, 1, 1, 1, 1, 1, 1, 0, 2]
16:[1, 1, 2, 2, 2, 2, 2, 2, 1, 1, 1, 1, 1, 1, 0, 2]
17:[1, 1, 2, 2, 2, 2, 2, 2, 1, 1, 1, 1, 1, 1, 0, 2]
18:[0, 3, 3, 3, 0, 2, 2, 3, 3, 2, 1, 3, 3, 1, 2, 1]
19:[0, 3, 0, 2, 0, 3, 1, 3, 3, 1, 3, 2, 0, 3, 3, 2]
20:[0, 0, 2, 3, 3, 1, 0, 1, 2, 0, 1, 1, 1, 2, 3, 0]
*OPERATION CHECK* 上(0)下(2)左(3)右(1)
183代目の第1個体がゴールへの経路を発見！
#######################################################
#####START//////////                              #####
###############/////###################################
#####          /////          #####               #####
###############/////###############     #####     #####
#####          /////          #####     #####     #####
###############/////###############     ###############
#####          ///////////////////////////////////#####
#####     #####     ###############     #####/////#####
#####     #####               #####     #####GOAL!#####
#######################################################



---------------------------------２０ｘ２０（遺伝子１０、歩数２倍）---------------------------------
LAST_SCORE:[32, 32, 18, 1, 18, 8, 0, 1, 22, 34]
1:[2, 3, 0, 1, 2, 1, 1, 0, 2, 2, 2, 3, 0, 0, 3, 2, 1, 2, 3, 1, 1, 2, 1, 0, 1, 0, 2, 0, 2, 2, 2, 1, 0, 1, 2, 2, 2, 2, 2, 2, 1, 2, 2, 1, 1, 0, 2, 1, 1, 0, 0, 2, 1, 1, 1, 0, 2, 2, 3, 1, 1, 1, 1, 2, 2, 2, 1, 1, 2, 2, 2, 1]
2:[2, 3, 0, 1, 2, 1, 1, 0, 2, 2, 2, 3, 0, 0, 3, 2, 1, 2, 3, 1, 1, 2, 1, 0, 1, 0, 2, 0, 2, 2, 2, 1, 0, 1, 2, 2, 2, 2, 2, 2, 1, 2, 2, 1, 1, 0, 2, 1, 1, 0, 0, 2, 1, 1, 1, 0, 2, 2, 3, 1, 1, 1, 1, 2, 2, 2, 1, 1, 2, 2, 2, 1]
3:[2, 3, 0, 1, 2, 0, 1, 0, 2, 2, 2, 3, 0, 0, 3, 2, 1, 2, 3, 1, 1, 2, 1, 0, 1, 0, 2, 0, 2, 2, 2, 1, 0, 1, 2, 2, 2, 2, 2, 2, 1, 1, 2, 1, 1, 0, 2, 1, 1, 0, 0, 2, 1, 1, 1, 0, 2, 2, 3, 1, 1, 1, 1, 2, 2, 2, 1, 1, 2, 2, 2, 1]
4:[2, 3, 0, 1, 2, 0, 1, 0, 2, 2, 2, 3, 0, 0, 3, 2, 1, 2, 3, 1, 1, 2, 1, 0, 1, 0, 2, 0, 2, 2, 2, 1, 0, 1, 2, 2, 2, 2, 2, 2, 1, 2, 2, 1, 1, 0, 2, 1, 1, 0, 0, 2, 1, 1, 1, 0, 2, 2, 3, 1, 1, 1, 1, 2, 2, 2, 1, 1, 2, 2, 2, 1]
5:[2, 3, 0, 1, 2, 0, 1, 0, 2, 2, 2, 3, 0, 0, 3, 2, 1, 2, 3, 1, 1, 2, 1, 0, 1, 0, 2, 0, 2, 2, 2, 1, 0, 1, 2, 2, 2, 2, 2, 2, 1, 2, 2, 2, 1, 0, 2, 1, 1, 0, 0, 2, 1, 1, 1, 0, 2, 2, 3, 1, 1, 1, 1, 2, 2, 2, 1, 1, 2, 2, 2, 1]
6:[2, 3, 0, 1, 2, 0, 1, 0, 2, 2, 2, 3, 0, 0, 3, 2, 1, 2, 3, 1, 1, 2, 1, 0, 1, 0, 2, 0, 2, 2, 2, 1, 0, 1, 2, 2, 2, 2, 2, 2, 1, 2, 2, 1, 1, 0, 2, 1, 1, 0, 0, 2, 1, 2, 1, 0, 2, 2, 3, 1, 1, 1, 1, 2, 2, 2, 1, 1, 2, 2, 2, 1]
7:[2, 3, 0, 1, 2, 0, 1, 0, 2, 2, 2, 3, 0, 0, 3, 2, 1, 2, 3, 1, 1, 2, 1, 0, 1, 0, 2, 0, 2, 2, 2, 1, 0, 1, 2, 2, 2, 2, 2, 2, 1, 2, 2, 1, 1, 0, 2, 1, 1, 0, 0, 2, 1, 1, 1, 0, 2, 2, 3, 1, 1, 1, 1, 2, 2, 2, 1, 1, 2, 2, 1, 1]
8:[2, 3, 0, 1, 2, 0, 1, 0, 2, 2, 2, 3, 0, 0, 3, 2, 1, 2, 3, 1, 1, 2, 1, 0, 1, 0, 2, 0, 2, 2, 2, 1, 0, 1, 2, 2, 2, 2, 2, 2, 1, 2, 2, 1, 1, 0, 2, 1, 1, 0, 0, 2, 1, 1, 1, 0, 2, 2, 3, 1, 1, 1, 1, 2, 2, 2, 1, 1, 2, 2, 2, 1]
9:[2, 3, 0, 1, 2, 0, 1, 0, 2, 2, 2, 3, 0, 0, 3, 2, 1, 2, 3, 1, 1, 2, 1, 0, 1, 0, 2, 0, 2, 0, 2, 1, 0, 1, 2, 2, 2, 2, 2, 2, 1, 2, 2, 1, 1, 0, 2, 1, 1, 0, 0, 2, 1, 1, 1, 0, 2, 2, 3, 1, 1, 1, 1, 2, 2, 2, 1, 1, 1, 2, 3, 1]
10:[0, 0, 0, 2, 1, 2, 0, 1, 3, 1, 3, 3, 2, 0, 2, 2, 2, 0, 1, 1, 2, 1, 3, 0, 3, 0, 3, 3, 0, 3, 3, 1, 3, 2, 0, 2, 1, 2, 2, 0, 2, 0, 0, 1, 0, 2, 3, 1, 0, 2, 1, 3, 3, 3, 2, 3, 2, 3, 3, 0, 2, 0, 2, 1, 0, 2, 3, 0, 2, 0, 0, 3]
*OPERATION CHECK* 上(0)下(2)左(3)右(1)
7441代目の第7個体がゴールへの経路を発見！
#########################################################################################################
#####START//////////                              #####     #####                         #####     #####
###############/////#####     #####     #####     #####     #####     #####     ###############     #####
#####///////////////#####     #####     #####     #####               #####     #####               #####
#####/////###############     #########################     ###############     #####     #####     #####
#####/////#####     #####               #####                         #####               #####     #####
#####/////#####     ###############     #####     #####     #####     #####     #########################
#####///////////////          #####               #####     #####     #####                         #####
###############/////#####     #########################     ###############     #########################
#####     #####/////#####               #####     #####               #####                         #####
#####     #####/////#####     ###############     #####     #####     ###################################
#####          /////#####     #####     #####     #####     #####     #####                         #####
#####     #####/////###############     #####     #########################     #########################
#####     #####/////////////////////////////////////////////#####     #####     #####               #####
#####     #####     #####     #####     ###############/////#####     #####     #####     #####     #####
#####     #####     #####     #####               #####/////////////////////////          #####     #####
###############     ###############     ###############     ###############/////#########################
#####                         #####     #####     #####               #####///////////////          #####
###############     #####     ###############     #####     #####     ###############/////###############
#####               #####                         #####     #####               #####//////////GOAL!#####
#########################################################################################################



---------------------------------３０ｘ３０ （遺伝子２０、歩数５倍）---------------------------------
LAST_SCORE:[26, 26, 0, 30, 35, 0, 2, 2, 36, 20, 2, 48, 2, 2, 2, 11, 2, 39, 50, 51]
1:[2, 1, 1, 3, 0, 2, 0, 0, 3, 3, 0, 2, 1, 0, 0, 2, 2, 2, 1, 1, 0, 2, 2, 0, 3, 3, 1, 2, 0, 0, 0, 2, 2, 2, 2, 2, 0, 0, 1, 3, 1, 3, 2, 1, 2, 0, 1, 1, 3, 0, 0, 1, 0, 0, 1, 3, 0, 3, 3, 1, 0, 1, 3, 2, 3, 0, 1, 2, 2, 0, 0, 1, 2, 2, 2, 1, 2, 2, 2, 0, 3, 3, 2, 2, 3, 2, 1, 0, 1, 3, 2, 2, 2, 1, 2, 3, 1, 1, 2, 2, 1, 3, 0, 2, 2, 3, 0, 2, 1, 1, 1, 3, 1, 1, 3, 3, 0, 0, 0, 2, 2, 0, 1, 1, 2, 1, 2, 2, 2, 2, 2, 2, 2, 0, 3, 0, 2, 3, 3, 1, 3, 0, 1, 1, 2, 3, 3, 0, 0, 0, 3, 2, 3, 3, 2, 3, 2, 2, 3, 3, 0, 1, 1, 2, 2, 1, 2, 0, 3, 0, 3, 2, 2, 2, 3, 1, 1, 2, 2, 2, 2, 2, 0, 2, 0, 2, 2, 2, 3, 3, 3, 2, 0, 2, 2, 0, 3, 1, 0, 1, 0, 0, 2, 0, 1, 2, 0, 1, 2, 0, 0, 1, 3, 0, 1, 3, 2, 1, 3, 2, 3, 1, 1, 0, 0, 0, 2, 3, 2, 1, 1, 2, 1, 3, 1, 1, 0, 1, 2, 2, 3, 2, 2, 1, 1, 2, 0, 2, 1, 3, 3, 2, 0, 1, 2, 2, 2, 2, 1, 2, 1, 1, 1, 0, 1, 2, 1, 1, 1, 1, 1, 1, 1, 1, 1, 1, 1, 1, 1, 1]
2:[2, 1, 1, 3, 0, 2, 0, 0, 3, 3, 0, 2, 1, 0, 0, 2, 2, 2, 1, 1, 0, 2, 2, 0, 3, 3, 1, 2, 0, 0, 0, 2, 2, 2, 2, 2, 0, 0, 1, 3, 1, 3, 2, 1, 2, 0, 1, 1, 3, 0, 0, 1, 0, 0, 1, 3, 0, 3, 3, 1, 0, 1, 3, 2, 3, 0, 1, 2, 2, 0, 0, 1, 2, 2, 2, 1, 2, 2, 2, 0, 3, 3, 2, 2, 3, 2, 1, 0, 1, 3, 2, 2, 2, 1, 2, 3, 1, 1, 2, 2, 1, 3, 0, 2, 2, 3, 0, 2, 1, 1, 1, 3, 1, 1, 3, 3, 0, 0, 0, 2, 2, 0, 1, 1, 2, 1, 2, 2, 2, 2, 2, 2, 2, 0, 3, 0, 2, 3, 3, 1, 3, 0, 1, 1, 2, 3, 3, 0, 0, 0, 3, 2, 3, 3, 2, 3, 2, 2, 3, 3, 0, 1, 1, 2, 2, 1, 2, 0, 3, 0, 3, 2, 2, 2, 3, 1, 1, 2, 2, 2, 2, 2, 0, 2, 0, 2, 2, 2, 3, 3, 3, 2, 0, 2, 2, 0, 3, 1, 0, 1, 0, 0, 2, 0, 1, 2, 0, 1, 2, 0, 0, 1, 3, 0, 1, 3, 2, 1, 3, 2, 3, 1, 1, 0, 0, 0, 2, 3, 2, 1, 1, 2, 1, 3, 1, 1, 0, 1, 2, 2, 3, 2, 2, 1, 1, 2, 0, 2, 1, 3, 3, 2, 0, 1, 2, 2, 2, 2, 1, 2, 1, 1, 1, 0, 1, 2, 1, 1, 1, 1, 1, 1, 1, 1, 1, 1, 1, 1, 1, 1]
3:[2, 1, 1, 3, 0, 2, 0, 0, 3, 3, 0, 2, 1, 0, 0, 2, 2, 2, 1, 1, 0, 2, 2, 0, 3, 3, 1, 2, 0, 0, 0, 2, 2, 3, 2, 2, 0, 0, 1, 3, 1, 3, 2, 1, 2, 0, 1, 1, 3, 0, 0, 1, 0, 0, 1, 3, 0, 3, 3, 1, 0, 1, 3, 2, 3, 0, 1, 2, 2, 0, 0, 1, 2, 2, 2, 1, 2, 2, 2, 0, 3, 3, 2, 2, 3, 2, 1, 0, 1, 3, 2, 2, 2, 1, 2, 3, 1, 1, 2, 2, 1, 3, 0, 2, 2, 3, 0, 2, 1, 1, 1, 3, 1, 1, 3, 3, 0, 0, 0, 2, 2, 0, 1, 1, 2, 1, 2, 2, 2, 2, 2, 2, 2, 0, 3, 0, 2, 3, 3, 1, 3, 0, 1, 1, 2, 3, 3, 0, 0, 0, 3, 3, 3, 3, 2, 3, 2, 2, 3, 3, 0, 1, 1, 1, 2, 1, 2, 0, 3, 1, 3, 2, 2, 2, 3, 1, 1, 2, 2, 2, 2, 2, 0, 2, 0, 2, 2, 2, 3, 3, 3, 2, 0, 2, 2, 0, 2, 1, 0, 1, 0, 0, 2, 0, 1, 2, 0, 1, 2, 0, 0, 1, 3, 0, 1, 3, 2, 3, 3, 2, 3, 2, 1, 0, 0, 0, 2, 3, 2, 1, 1, 2, 1, 3, 1, 1, 0, 1, 2, 2, 3, 2, 2, 1, 1, 2, 0, 2, 1, 3, 1, 1, 0, 1, 2, 2, 2, 2, 1, 2, 1, 1, 1, 0, 1, 2, 1, 1, 1, 1, 1, 1, 1, 1, 1, 1, 1, 1, 1, 1]
4:[2, 1, 1, 3, 0, 2, 0, 0, 3, 3, 0, 2, 1, 0, 0, 2, 2, 2, 1, 1, 0, 2, 2, 0, 3, 3, 1, 2, 0, 0, 0, 2, 2, 3, 2, 2, 0, 0, 1, 3, 1, 3, 2, 1, 2, 0, 1, 1, 3, 0, 0, 1, 0, 0, 1, 3, 0, 3, 3, 1, 0, 1, 3, 2, 3, 0, 1, 2, 2, 0, 0, 1, 2, 3, 2, 1, 2, 2, 2, 0, 3, 3, 2, 2, 3, 2, 1, 0, 1, 3, 2, 2, 2, 1, 2, 3, 1, 1, 2, 2, 1, 3, 0, 2, 2, 3, 0, 2, 1, 1, 1, 3, 1, 1, 3, 3, 0, 0, 0, 2, 2, 0, 1, 1, 2, 1, 2, 2, 2, 2, 2, 2, 2, 0, 3, 0, 2, 3, 3, 1, 3, 0, 1, 1, 2, 3, 3, 0, 0, 0, 3, 2, 3, 3, 2, 3, 2, 2, 3, 3, 0, 1, 1, 2, 2, 1, 2, 0, 3, 1, 3, 2, 2, 2, 3, 1, 1, 2, 2, 2, 2, 3, 0, 2, 0, 2, 2, 2, 3, 3, 3, 2, 0, 2, 2, 0, 2, 1, 0, 1, 0, 0, 2, 0, 1, 2, 0, 1, 2, 0, 0, 1, 3, 0, 1, 3, 2, 3, 3, 2, 3, 1, 1, 0, 0, 0, 2, 3, 2, 1, 1, 2, 1, 3, 1, 1, 0, 1, 2, 2, 3, 2, 2, 1, 1, 2, 0, 2, 1, 3, 1, 2, 0, 1, 2, 2, 2, 2, 1, 2, 1, 1, 1, 0, 1, 2, 1, 1, 1, 1, 1, 1, 1, 1, 1, 1, 1, 1, 1, 1]
5:[2, 1, 1, 3, 0, 2, 0, 0, 3, 3, 2, 2, 1, 0, 0, 2, 2, 2, 1, 1, 0, 2, 2, 0, 3, 3, 2, 2, 0, 0, 0, 2, 2, 3, 2, 2, 0, 3, 1, 3, 1, 3, 2, 1, 2, 0, 1, 1, 3, 0, 0, 1, 0, 0, 1, 3, 0, 3, 3, 1, 0, 1, 3, 2, 3, 0, 1, 2, 2, 0, 0, 1, 2, 2, 2, 1, 2, 2, 2, 0, 3, 3, 2, 2, 3, 2, 1, 0, 1, 3, 2, 2, 2, 1, 2, 3, 1, 1, 2, 2, 1, 3, 0, 2, 2, 3, 0, 2, 1, 1, 1, 3, 1, 1, 3, 3, 0, 0, 0, 2, 2, 0, 1, 1, 2, 1, 2, 2, 2, 2, 2, 2, 2, 0, 3, 0, 2, 3, 3, 1, 3, 0, 1, 1, 2, 3, 3, 0, 0, 0, 3, 2, 3, 3, 2, 3, 2, 2, 3, 3, 0, 1, 1, 2, 2, 1, 2, 0, 3, 1, 3, 2, 2, 2, 3, 1, 1, 2, 2, 2, 2, 2, 0, 2, 0, 2, 2, 2, 3, 3, 3, 2, 0, 2, 2, 0, 2, 1, 0, 1, 0, 0, 2, 0, 1, 2, 0, 1, 2, 0, 0, 1, 3, 0, 1, 3, 2, 3, 3, 2, 3, 1, 1, 0, 0, 3, 2, 3, 2, 1, 1, 2, 1, 3, 1, 1, 0, 1, 2, 2, 3, 2, 2, 1, 1, 2, 0, 2, 1, 3, 1, 2, 0, 1, 2, 2, 2, 2, 1, 2, 1, 1, 1, 0, 1, 2, 1, 1, 1, 1, 2, 1, 1, 1, 1, 1, 1, 1, 1, 1]
6:[2, 1, 1, 3, 0, 2, 0, 0, 3, 3, 0, 2, 1, 0, 0, 2, 2, 2, 1, 1, 0, 2, 2, 0, 3, 3, 1, 2, 0, 0, 0, 2, 2, 3, 2, 2, 0, 0, 1, 3, 1, 3, 2, 1, 2, 0, 1, 1, 3, 0, 0, 1, 0, 0, 1, 3, 0, 3, 3, 1, 0, 1, 3, 2, 3, 0, 1, 2, 2, 0, 0, 1, 2, 2, 2, 1, 2, 2, 2, 0, 3, 3, 2, 2, 3, 2, 1, 0, 1, 3, 2, 2, 2, 1, 2, 3, 1, 1, 2, 2, 1, 3, 0, 2, 2, 3, 0, 2, 1, 1, 1, 3, 1, 1, 3, 3, 0, 0, 0, 2, 2, 0, 1, 1, 2, 1, 2, 2, 2, 2, 2, 2, 2, 0, 3, 0, 2, 3, 3, 1, 3, 0, 1, 1, 2, 3, 3, 0, 0, 0, 3, 2, 3, 3, 2, 3, 2, 2, 3, 3, 0, 1, 1, 2, 2, 1, 2, 0, 3, 1, 3, 2, 2, 2, 3, 1, 1, 2, 2, 2, 2, 2, 0, 2, 0, 2, 2, 2, 3, 3, 3, 2, 0, 2, 2, 0, 2, 1, 0, 1, 0, 0, 2, 0, 1, 2, 0, 1, 2, 0, 0, 1, 3, 0, 1, 3, 2, 3, 3, 2, 3, 1, 1, 0, 0, 0, 0, 3, 2, 1, 1, 2, 1, 3, 1, 1, 0, 1, 2, 2, 3, 2, 2, 1, 1, 2, 0, 2, 1, 3, 1, 1, 0, 1, 2, 2, 2, 2, 1, 2, 1, 1, 1, 0, 1, 2, 1, 1, 1, 1, 1, 1, 1, 1, 1, 1, 1, 1, 1, 1]
7:[2, 1, 1, 3, 0, 2, 0, 0, 3, 3, 0, 2, 1, 0, 0, 2, 2, 2, 1, 1, 0, 2, 2, 0, 3, 3, 1, 2, 0, 0, 0, 2, 2, 3, 2, 2, 0, 0, 1, 3, 1, 3, 2, 1, 2, 0, 1, 1, 3, 0, 0, 1, 0, 0, 1, 1, 0, 3, 3, 1, 0, 1, 3, 2, 3, 0, 1, 2, 2, 0, 0, 1, 2, 2, 2, 1, 2, 2, 2, 0, 3, 3, 2, 2, 3, 2, 1, 0, 1, 3, 2, 2, 2, 1, 2, 3, 1, 1, 2, 2, 1, 3, 0, 2, 2, 3, 0, 2, 1, 1, 1, 3, 1, 1, 3, 3, 0, 0, 0, 2, 2, 0, 1, 1, 2, 1, 2, 2, 2, 2, 2, 2, 2, 0, 3, 0, 2, 3, 3, 1, 3, 0, 1, 1, 2, 3, 3, 0, 0, 0, 3, 2, 3, 3, 2, 3, 2, 2, 3, 3, 0, 1, 1, 2, 2, 1, 2, 0, 3, 1, 3, 2, 2, 2, 3, 1, 1, 2, 2, 2, 2, 2, 0, 2, 0, 2, 2, 2, 3, 3, 3, 2, 0, 2, 2, 0, 2, 1, 0, 1, 0, 0, 2, 0, 1, 2, 0, 1, 2, 0, 0, 1, 3, 0, 1, 3, 2, 3, 3, 2, 3, 1, 1, 0, 0, 0, 2, 3, 2, 1, 1, 2, 1, 3, 1, 1, 0, 1, 2, 2, 3, 2, 2, 1, 1, 2, 0, 2, 1, 3, 1, 2, 0, 1, 2, 2, 2, 2, 1, 2, 1, 1, 1, 0, 1, 2, 1, 1, 1, 1, 1, 1, 1, 1, 1, 1, 1, 1, 1, 1]
8:[2, 1, 1, 3, 0, 2, 0, 1, 3, 3, 0, 2, 1, 0, 0, 2, 2, 2, 1, 1, 0, 2, 2, 0, 3, 3, 1, 2, 0, 0, 0, 2, 2, 3, 2, 2, 0, 0, 1, 3, 1, 3, 2, 1, 2, 0, 1, 1, 3, 0, 0, 1, 0, 0, 1, 3, 0, 3, 3, 1, 0, 1, 3, 2, 3, 0, 1, 2, 2, 0, 0, 1, 2, 2, 2, 1, 2, 2, 2, 0, 3, 3, 2, 2, 3, 2, 1, 0, 1, 3, 2, 2, 2, 1, 2, 3, 1, 1, 2, 2, 1, 3, 0, 2, 2, 3, 0, 2, 1, 1, 1, 3, 1, 1, 3, 3, 0, 0, 0, 2, 2, 0, 1, 1, 2, 1, 2, 2, 2, 2, 2, 2, 2, 0, 3, 0, 2, 3, 3, 1, 3, 0, 1, 1, 2, 3, 3, 0, 0, 0, 3, 2, 3, 3, 2, 3, 2, 2, 3, 3, 0, 1, 1, 2, 2, 1, 2, 0, 3, 1, 3, 2, 2, 2, 3, 1, 1, 2, 2, 2, 2, 2, 0, 2, 0, 2, 2, 2, 3, 3, 3, 2, 0, 2, 2, 0, 2, 1, 0, 1, 0, 0, 2, 0, 1, 2, 0, 1, 2, 0, 0, 1, 3, 0, 1, 3, 2, 3, 3, 2, 3, 1, 1, 0, 0, 0, 2, 3, 2, 1, 1, 2, 1, 3, 1, 1, 0, 1, 2, 2, 3, 2, 2, 1, 1, 2, 0, 2, 1, 3, 1, 2, 0, 1, 2, 2, 2, 2, 1, 2, 1, 1, 1, 0, 1, 2, 1, 1, 1, 1, 1, 1, 1, 1, 1, 1, 1, 1, 1, 1]
9:[2, 1, 1, 3, 0, 2, 0, 0, 3, 3, 0, 2, 1, 0, 0, 2, 2, 2, 1, 1, 0, 2, 2, 0, 3, 3, 1, 2, 0, 0, 0, 2, 2, 3, 2, 2, 0, 0, 1, 3, 1, 3, 2, 1, 2, 0, 1, 1, 3, 0, 0, 1, 0, 0, 1, 3, 0, 3, 3, 1, 0, 1, 3, 2, 3, 0, 1, 2, 2, 0, 0, 1, 2, 2, 2, 1, 2, 2, 2, 0, 3, 3, 2, 2, 3, 2, 1, 0, 1, 3, 2, 2, 2, 1, 2, 3, 1, 1, 2, 2, 1, 3, 0, 2, 2, 3, 0, 2, 1, 1, 1, 3, 1, 1, 3, 3, 0, 0, 0, 1, 2, 0, 1, 1, 2, 1, 2, 2, 2, 2, 2, 2, 2, 0, 3, 0, 2, 3, 3, 1, 3, 0, 1, 1, 2, 3, 3, 0, 0, 0, 3, 2, 3, 3, 2, 3, 2, 2, 3, 3, 0, 1, 0, 2, 2, 1, 2, 0, 3, 1, 3, 2, 2, 2, 3, 1, 1, 2, 2, 2, 2, 2, 0, 2, 0, 2, 2, 2, 3, 3, 3, 2, 0, 2, 2, 0, 2, 1, 0, 1, 0, 0, 2, 0, 1, 2, 0, 1, 2, 1, 0, 1, 3, 0, 1, 3, 2, 3, 3, 2, 3, 1, 1, 0, 0, 0, 2, 3, 2, 1, 1, 2, 1, 3, 1, 1, 0, 1, 2, 2, 3, 2, 2, 1, 1, 2, 0, 2, 1, 3, 1, 2, 0, 1, 2, 2, 2, 2, 1, 2, 1, 1, 1, 0, 1, 2, 1, 1, 1, 1, 1, 1, 1, 1, 1, 2, 1, 1, 0, 1]
10:[2, 1, 1, 3, 0, 2, 0, 0, 3, 3, 0, 2, 1, 0, 0, 2, 2, 2, 1, 1, 0, 2, 2, 1, 3, 3, 1, 2, 0, 0, 0, 2, 2, 3, 2, 2, 0, 0, 1, 3, 1, 3, 2, 1, 2, 0, 1, 1, 3, 0, 0, 1, 1, 0, 1, 3, 0, 3, 3, 1, 0, 1, 3, 2, 3, 0, 1, 2, 2, 0, 0, 1, 2, 2, 2, 1, 2, 2, 2, 0, 3, 3, 2, 2, 3, 2, 1, 0, 1, 3, 2, 2, 2, 1, 2, 3, 1, 1, 2, 2, 1, 3, 0, 2, 2, 3, 0, 2, 1, 1, 1, 3, 1, 1, 3, 3, 0, 0, 0, 2, 2, 0, 1, 1, 2, 1, 2, 2, 2, 2, 2, 2, 2, 0, 3, 0, 2, 3, 3, 1, 3, 0, 1, 1, 2, 3, 3, 0, 0, 0, 3, 2, 3, 3, 2, 3, 2, 2, 3, 3, 0, 1, 1, 2, 2, 1, 2, 0, 3, 1, 3, 2, 2, 2, 3, 1, 1, 2, 2, 2, 2, 2, 0, 2, 0, 2, 2, 2, 3, 3, 3, 2, 0, 2, 2, 0, 2, 1, 0, 1, 0, 0, 2, 0, 1, 2, 0, 1, 2, 0, 0, 1, 3, 0, 1, 3, 2, 1, 3, 2, 3, 1, 1, 0, 0, 0, 2, 3, 2, 1, 1, 2, 1, 3, 1, 1, 0, 1, 2, 2, 3, 2, 2, 1, 1, 2, 0, 2, 1, 3, 1, 2, 0, 1, 2, 2, 2, 2, 1, 2, 1, 1, 2, 0, 1, 2, 1, 1, 1, 1, 1, 1, 1, 1, 1, 1, 1, 1, 1, 1]
11:[2, 1, 1, 3, 0, 2, 0, 0, 3, 3, 0, 2, 1, 0, 0, 2, 2, 2, 1, 1, 0, 2, 2, 0, 3, 3, 1, 2, 0, 0, 0, 2, 2, 3, 2, 2, 0, 0, 1, 3, 1, 3, 2, 1, 2, 0, 1, 1, 3, 0, 0, 1, 0, 0, 1, 3, 0, 3, 3, 1, 0, 1, 3, 2, 3, 0, 1, 2, 2, 0, 0, 1, 2, 2, 2, 1, 2, 2, 2, 0, 3, 3, 2, 2, 3, 2, 1, 0, 1, 3, 2, 2, 2, 1, 2, 3, 1, 1, 2, 2, 1, 3, 0, 2, 2, 3, 0, 2, 1, 1, 1, 3, 1, 1, 3, 3, 0, 0, 0, 2, 2, 0, 1, 1, 2, 1, 2, 2, 2, 2, 2, 2, 2, 0, 3, 0, 2, 3, 3, 1, 3, 0, 1, 1, 2, 3, 3, 0, 0, 0, 3, 2, 3, 3, 2, 3, 2, 2, 3, 3, 0, 1, 1, 2, 2, 1, 2, 0, 3, 1, 3, 2, 2, 2, 3, 1, 1, 2, 2, 2, 2, 2, 0, 2, 0, 2, 2, 2, 3, 3, 3, 2, 0, 2, 2, 0, 2, 1, 0, 1, 0, 0, 2, 0, 1, 2, 0, 1, 2, 0, 0, 1, 3, 0, 1, 3, 2, 3, 3, 2, 3, 1, 1, 0, 0, 0, 2, 3, 2, 1, 1, 2, 1, 3, 1, 1, 0, 1, 2, 2, 3, 2, 2, 1, 1, 2, 0, 2, 1, 3, 1, 2, 0, 1, 2, 2, 2, 2, 1, 2, 1, 1, 1, 0, 1, 2, 1, 1, 1, 1, 1, 1, 1, 1, 1, 1, 1, 1, 1, 1]
12:[2, 1, 1, 3, 0, 2, 0, 0, 3, 3, 0, 2, 1, 0, 0, 2, 2, 2, 1, 1, 0, 2, 2, 0, 3, 3, 1, 2, 0, 0, 0, 2, 2, 3, 2, 2, 0, 0, 1, 3, 1, 3, 2, 1, 2, 0, 1, 1, 3, 0, 0, 1, 0, 0, 1, 3, 0, 3, 3, 1, 0, 1, 3, 2, 3, 0, 1, 2, 2, 0, 0, 1, 2, 2, 2, 1, 2, 2, 2, 0, 3, 3, 2, 2, 3, 2, 1, 0, 1, 3, 2, 2, 2, 1, 2, 3, 1, 1, 2, 2, 1, 3, 0, 2, 2, 3, 0, 3, 1, 1, 1, 3, 1, 1, 3, 3, 0, 0, 0, 2, 2, 0, 1, 1, 2, 1, 2, 2, 2, 2, 2, 2, 2, 0, 3, 0, 2, 3, 3, 1, 3, 0, 1, 1, 2, 3, 3, 0, 0, 0, 3, 2, 3, 3, 2, 3, 2, 2, 3, 3, 0, 1, 1, 2, 2, 1, 2, 0, 3, 1, 3, 2, 2, 2, 3, 1, 1, 1, 2, 2, 2, 2, 0, 2, 0, 2, 2, 2, 3, 3, 3, 2, 0, 2, 2, 0, 2, 1, 0, 1, 0, 0, 2, 0, 1, 2, 0, 1, 2, 0, 0, 1, 3, 0, 1, 3, 2, 3, 3, 2, 3, 1, 1, 0, 0, 0, 2, 3, 2, 1, 1, 2, 1, 3, 3, 1, 0, 1, 2, 1, 3, 2, 2, 1, 1, 2, 0, 2, 1, 3, 1, 2, 0, 1, 2, 2, 2, 2, 1, 2, 1, 1, 1, 0, 1, 2, 1, 1, 1, 1, 1, 1, 1, 1, 1, 1, 1, 1, 1, 1]
13:[2, 1, 1, 3, 0, 2, 0, 0, 3, 3, 0, 2, 1, 0, 0, 2, 2, 2, 1, 1, 0, 2, 2, 0, 3, 3, 1, 2, 0, 0, 0, 2, 2, 3, 2, 2, 0, 0, 1, 3, 1, 3, 2, 1, 2, 0, 1, 1, 3, 0, 0, 1, 0, 0, 1, 3, 0, 3, 3, 1, 0, 1, 3, 2, 3, 0, 1, 2, 2, 0, 0, 1, 2, 2, 2, 1, 2, 2, 2, 0, 3, 3, 2, 2, 3, 2, 1, 0, 1, 3, 2, 2, 2, 1, 2, 3, 1, 1, 2, 2, 1, 3, 0, 2, 2, 3, 0, 2, 1, 1, 1, 3, 1, 1, 3, 3, 0, 0, 0, 2, 2, 0, 1, 1, 2, 1, 2, 2, 2, 2, 2, 2, 2, 0, 3, 0, 2, 3, 3, 1, 3, 0, 1, 1, 2, 3, 3, 0, 0, 0, 3, 2, 3, 3, 2, 3, 2, 2, 3, 3, 0, 1, 1, 2, 2, 1, 2, 0, 3, 1, 3, 2, 2, 2, 3, 1, 1, 2, 2, 2, 2, 2, 0, 2, 0, 2, 2, 2, 3, 3, 3, 2, 0, 2, 2, 0, 2, 1, 0, 1, 0, 0, 2, 0, 1, 2, 1, 1, 2, 0, 0, 1, 3, 0, 1, 3, 2, 3, 3, 2, 3, 1, 1, 0, 0, 0, 2, 3, 2, 1, 1, 2, 1, 3, 1, 1, 0, 1, 2, 2, 3, 2, 2, 1, 1, 2, 0, 2, 1, 3, 1, 2, 0, 1, 2, 2, 2, 2, 1, 2, 1, 1, 1, 0, 1, 2, 1, 1, 1, 1, 1, 1, 1, 1, 1, 1, 1, 1, 1, 1]
14:[2, 1, 1, 3, 0, 2, 0, 0, 3, 3, 0, 2, 1, 0, 0, 2, 2, 2, 1, 1, 0, 2, 2, 0, 3, 3, 1, 2, 0, 0, 0, 2, 2, 3, 2, 2, 0, 0, 1, 3, 1, 3, 2, 1, 2, 2, 1, 1, 3, 0, 0, 1, 0, 0, 1, 3, 0, 3, 3, 1, 0, 1, 3, 2, 3, 0, 1, 2, 2, 0, 0, 1, 2, 2, 2, 1, 2, 2, 2, 0, 3, 3, 2, 2, 3, 2, 1, 0, 1, 3, 2, 2, 2, 1, 2, 3, 1, 1, 2, 2, 1, 3, 0, 2, 2, 3, 0, 2, 1, 1, 1, 3, 1, 1, 3, 3, 0, 0, 0, 2, 2, 0, 1, 0, 2, 1, 2, 2, 2, 2, 2, 2, 2, 0, 3, 0, 2, 3, 3, 1, 3, 0, 1, 1, 2, 3, 3, 0, 0, 2, 3, 2, 3, 3, 2, 3, 2, 2, 3, 3, 0, 1, 1, 2, 2, 1, 2, 0, 3, 1, 3, 2, 2, 2, 3, 1, 1, 2, 2, 2, 2, 2, 0, 2, 0, 2, 2, 2, 3, 3, 3, 2, 0, 2, 2, 0, 2, 1, 0, 1, 0, 0, 2, 0, 1, 2, 0, 1, 2, 0, 0, 1, 3, 0, 1, 3, 2, 3, 3, 2, 3, 1, 1, 0, 0, 0, 2, 3, 2, 1, 1, 2, 1, 3, 1, 1, 0, 1, 2, 2, 3, 2, 2, 1, 1, 2, 0, 2, 1, 3, 1, 2, 0, 1, 2, 2, 2, 2, 1, 2, 1, 1, 1, 0, 1, 2, 1, 1, 1, 1, 1, 1, 1, 1, 1, 1, 1, 1, 1, 1]
15:[2, 1, 1, 3, 0, 2, 0, 0, 3, 3, 0, 2, 1, 0, 0, 2, 2, 2, 1, 1, 0, 2, 2, 0, 3, 3, 1, 0, 0, 0, 0, 2, 2, 3, 2, 2, 0, 2, 1, 3, 1, 3, 2, 1, 2, 0, 1, 1, 3, 0, 0, 1, 0, 0, 1, 3, 0, 3, 3, 1, 0, 1, 3, 2, 3, 0, 1, 2, 2, 0, 0, 1, 2, 2, 2, 1, 2, 2, 2, 0, 3, 3, 2, 2, 3, 2, 1, 0, 1, 3, 2, 2, 2, 1, 2, 2, 1, 1, 2, 2, 1, 3, 0, 2, 2, 3, 0, 2, 3, 1, 1, 3, 1, 1, 3, 3, 0, 0, 0, 2, 2, 0, 1, 1, 2, 1, 2, 2, 2, 2, 2, 2, 2, 0, 3, 0, 2, 3, 3, 1, 3, 0, 1, 1, 2, 3, 3, 0, 0, 0, 3, 3, 3, 3, 2, 3, 2, 2, 3, 3, 0, 1, 1, 2, 2, 1, 2, 0, 3, 1, 3, 2, 2, 2, 3, 1, 1, 2, 2, 2, 2, 2, 0, 2, 0, 2, 2, 2, 3, 3, 3, 2, 0, 2, 2, 0, 2, 1, 0, 1, 0, 0, 2, 0, 1, 2, 0, 1, 2, 0, 0, 1, 3, 0, 1, 3, 2, 3, 3, 2, 3, 1, 1, 0, 0, 0, 2, 3, 2, 1, 1, 2, 1, 3, 1, 1, 0, 1, 2, 2, 3, 2, 2, 1, 1, 2, 0, 2, 1, 3, 1, 2, 0, 1, 2, 2, 2, 2, 1, 2, 1, 1, 1, 0, 1, 2, 1, 1, 1, 1, 1, 1, 1, 1, 1, 1, 1, 1, 1, 1]
16:[2, 1, 1, 3, 0, 3, 0, 0, 3, 3, 0, 2, 1, 0, 0, 2, 2, 2, 1, 1, 0, 2, 2, 0, 3, 3, 1, 2, 0, 0, 0, 2, 2, 3, 2, 2, 0, 0, 1, 3, 1, 3, 2, 1, 2, 0, 1, 1, 3, 0, 0, 1, 0, 0, 1, 3, 0, 3, 3, 1, 0, 1, 3, 2, 3, 0, 1, 2, 2, 0, 0, 1, 2, 2, 2, 1, 2, 2, 2, 0, 3, 3, 2, 2, 3, 2, 1, 0, 1, 3, 2, 2, 2, 1, 2, 3, 1, 1, 2, 2, 1, 3, 0, 2, 2, 3, 0, 2, 1, 1, 1, 3, 1, 1, 3, 3, 0, 0, 0, 2, 2, 0, 1, 1, 2, 1, 2, 2, 2, 2, 2, 2, 2, 0, 3, 0, 2, 3, 3, 1, 3, 0, 1, 1, 2, 3, 3, 0, 0, 0, 3, 2, 3, 3, 2, 3, 2, 2, 3, 3, 0, 1, 1, 2, 2, 1, 2, 0, 3, 1, 3, 2, 2, 2, 3, 1, 1, 2, 2, 2, 2, 2, 0, 2, 0, 2, 2, 2, 3, 3, 3, 2, 0, 2, 2, 0, 2, 1, 0, 1, 0, 0, 2, 0, 1, 2, 0, 1, 2, 0, 0, 1, 3, 0, 1, 3, 2, 3, 3, 2, 3, 1, 1, 0, 0, 0, 2, 3, 2, 1, 1, 2, 1, 3, 1, 1, 0, 1, 2, 2, 3, 2, 2, 1, 1, 2, 0, 2, 1, 3, 1, 2, 0, 1, 2, 2, 2, 2, 1, 2, 1, 1, 1, 0, 1, 2, 1, 1, 1, 1, 1, 1, 0, 1, 1, 1, 1, 1, 1, 1]
17:[2, 1, 1, 3, 0, 2, 0, 0, 3, 3, 0, 2, 1, 0, 0, 2, 2, 2, 1, 1, 0, 2, 2, 0, 3, 3, 1, 2, 0, 0, 0, 2, 2, 3, 2, 2, 0, 0, 1, 3, 1, 3, 1, 1, 2, 0, 1, 1, 3, 0, 0, 1, 0, 0, 1, 3, 0, 3, 3, 1, 0, 1, 3, 2, 3, 0, 1, 2, 2, 0, 0, 1, 2, 2, 2, 1, 2, 2, 2, 0, 3, 3, 2, 2, 3, 2, 1, 0, 1, 3, 2, 2, 2, 1, 2, 3, 1, 1, 2, 2, 1, 3, 0, 2, 2, 3, 0, 2, 1, 1, 1, 3, 1, 1, 3, 3, 0, 0, 0, 2, 2, 0, 1, 1, 2, 1, 2, 2, 2, 2, 2, 2, 2, 0, 3, 0, 2, 3, 3, 1, 3, 0, 1, 1, 2, 3, 3, 0, 0, 0, 3, 2, 3, 3, 2, 3, 2, 2, 3, 3, 0, 1, 1, 2, 2, 1, 2, 1, 3, 1, 3, 2, 2, 2, 3, 1, 1, 2, 2, 2, 2, 2, 0, 2, 0, 2, 2, 2, 3, 3, 3, 2, 0, 2, 2, 0, 2, 1, 0, 1, 0, 0, 2, 0, 1, 2, 0, 1, 2, 0, 0, 1, 3, 0, 1, 3, 2, 3, 3, 2, 3, 1, 1, 0, 0, 0, 2, 3, 2, 1, 1, 2, 1, 3, 1, 1, 0, 1, 2, 2, 3, 2, 2, 1, 1, 2, 0, 2, 1, 3, 1, 2, 0, 1, 2, 2, 2, 2, 1, 2, 1, 1, 1, 0, 1, 2, 1, 1, 1, 1, 1, 1, 1, 1, 1, 1, 1, 1, 1, 1]
18:[2, 0, 0, 2, 2, 1, 3, 1, 1, 2, 2, 3, 3, 1, 2, 2, 0, 3, 2, 3, 2, 2, 0, 3, 2, 3, 2, 0, 3, 3, 0, 0, 0, 3, 3, 2, 2, 1, 0, 2, 1, 3, 3, 2, 1, 2, 3, 0, 2, 3, 3, 3, 2, 2, 1, 3, 0, 1, 2, 2, 1, 0, 0, 1, 2, 2, 3, 3, 0, 2, 2, 1, 0, 3, 3, 3, 3, 2, 3, 1, 3, 0, 0, 1, 1, 2, 1, 2, 1, 3, 1, 3, 2, 2, 3, 0, 0, 3, 2, 1, 3, 2, 2, 3, 2, 2, 1, 1, 1, 0, 2, 2, 2, 3, 3, 1, 0, 3, 2, 2, 0, 2, 1, 3, 3, 2, 2, 1, 2, 3, 2, 3, 0, 1, 3, 0, 0, 2, 2, 0, 3, 3, 1, 0, 2, 1, 3, 1, 0, 1, 2, 1, 3, 0, 2, 3, 1, 0, 3, 3, 1, 0, 0, 0, 2, 0, 1, 1, 3, 1, 2, 2, 1, 0, 3, 0, 1, 0, 2, 2, 3, 0, 2, 1, 2, 2, 1, 1, 3, 3, 2, 1, 3, 3, 1, 0, 2, 2, 3, 0, 0, 2, 3, 2, 3, 1, 3, 3, 0, 3, 2, 0, 1, 3, 2, 0, 3, 0, 3, 0, 3, 2, 1, 0, 0, 0, 0, 1, 1, 3, 0, 1, 3, 2, 3, 1, 3, 2, 3, 2, 1, 3, 1, 0, 2, 3, 0, 0, 0, 3, 2, 2, 2, 2, 0, 3, 0, 1, 3, 3, 2, 2, 1, 3, 2, 1, 0, 1, 1, 3, 3, 0, 2, 2, 0, 2, 2, 0, 3, 2]
19:[2, 3, 2, 3, 1, 3, 3, 2, 3, 0, 3, 1, 3, 0, 2, 2, 2, 0, 1, 0, 3, 0, 3, 2, 1, 0, 3, 3, 1, 2, 3, 3, 0, 1, 3, 0, 2, 0, 2, 2, 0, 1, 3, 3, 2, 0, 1, 0, 3, 0, 1, 2, 3, 1, 2, 2, 2, 0, 1, 2, 0, 2, 1, 0, 1, 3, 2, 2, 3, 2, 1, 0, 1, 2, 1, 0, 0, 0, 1, 2, 2, 3, 0, 2, 3, 0, 1, 3, 0, 1, 0, 3, 1, 0, 3, 1, 0, 3, 1, 0, 2, 0, 1, 2, 0, 0, 0, 2, 0, 1, 2, 0, 2, 2, 2, 2, 3, 3, 2, 0, 0, 1, 0, 3, 2, 3, 3, 1, 0, 1, 2, 1, 2, 1, 3, 0, 2, 3, 3, 0, 0, 1, 2, 0, 1, 2, 0, 0, 2, 1, 2, 3, 3, 0, 1, 3, 1, 3, 3, 0, 0, 3, 0, 0, 2, 2, 0, 0, 2, 0, 0, 3, 1, 3, 3, 1, 3, 0, 2, 2, 3, 0, 1, 3, 0, 3, 0, 2, 2, 1, 2, 2, 1, 2, 2, 2, 2, 1, 2, 1, 0, 1, 2, 2, 2, 3, 0, 2, 1, 3, 1, 1, 1, 0, 1, 1, 0, 3, 1, 0, 0, 2, 1, 0, 2, 0, 2, 2, 1, 3, 0, 0, 3, 3, 1, 2, 1, 3, 1, 2, 1, 2, 1, 3, 2, 1, 0, 1, 1, 0, 3, 3, 3, 3, 2, 2, 2, 1, 3, 0, 0, 0, 2, 3, 1, 0, 0, 1, 0, 3, 0, 1, 3, 2, 3, 1, 2, 3, 1, 3]
20:[0, 1, 2, 2, 2, 0, 2, 2, 3, 3, 0, 2, 0, 3, 1, 1, 1, 0, 0, 0, 1, 1, 1, 2, 2, 0, 0, 2, 2, 2, 0, 2, 1, 3, 2, 0, 3, 2, 2, 3, 2, 1, 0, 2, 1, 3, 3, 3, 2, 1, 1, 3, 3, 3, 3, 3, 1, 3, 2, 1, 1, 1, 1, 2, 3, 2, 0, 0, 0, 0, 3, 0, 1, 1, 2, 3, 0, 0, 3, 1, 1, 1, 1, 0, 2, 0, 2, 0, 1, 3, 0, 0, 0, 3, 0, 3, 3, 2, 3, 0, 1, 2, 3, 0, 0, 0, 2, 2, 1, 0, 0, 1, 1, 3, 3, 0, 2, 1, 0, 3, 1, 1, 1, 2, 2, 0, 3, 2, 0, 2, 0, 1, 3, 3, 0, 0, 1, 0, 1, 2, 1, 1, 0, 3, 0, 0, 2, 3, 3, 3, 1, 1, 1, 1, 3, 1, 2, 1, 3, 0, 1, 3, 3, 0, 0, 0, 2, 3, 2, 3, 1, 1, 2, 1, 1, 0, 0, 3, 1, 2, 2, 2, 0, 1, 1, 1, 3, 0, 1, 3, 3, 1, 1, 1, 1, 0, 3, 2, 0, 3, 3, 0, 2, 0, 2, 1, 3, 2, 1, 0, 1, 2, 1, 1, 3, 2, 1, 3, 0, 0, 3, 0, 1, 3, 3, 1, 0, 3, 3, 2, 1, 1, 3, 2, 3, 2, 0, 2, 3, 0, 1, 2, 2, 3, 0, 2, 0, 0, 0, 2, 2, 1, 1, 0, 1, 1, 2, 2, 1, 3, 1, 1, 2, 1, 1, 3, 2, 0, 0, 0, 3, 1, 1, 2, 2, 0, 3, 1, 2, 3]
*OPERATION CHECK* 上(0)下(2)左(3)右(1)
526代目の第3個体がゴールへの経路を発見！
###########################################################################################################################################################
#####START#####     #####                                                                 #####                         #####     #####               #####
#####/////#####     #####     ###############     #####     #####     ###############     #####     #########################     #####     #####     #####
#####/////#####                         #####     #####     #####               #####     #####                                             #####     #####
#####/////#####     ###############     #####     #####     #####     #####     #####     #####     ###################################     #####     #####
#####/////#####               #####     #####     #####     #####     #####     #####     #####     #####               #####     #####     #####     #####
#####/////#####     #####     #####     #####     #####     #####     #####     ###############     #####     ###############     #####     ###############
#####/////          #####     #####     #####     #####     #####     #####                                             #####     #####               #####
#####/////###############     ###################################     #####     ###################################     #####     #####     #####     #####
#####///////////////#####                                   #####     #####                                   #####     #####     #####     #####     #####
#####/////#####/////###############     #####     ###############     #############################################     #####     ###############     #####
#####/////#####/////          #####     #####               #####               #####                         #####                         #####     #####
###############/////#####     #####     #####     ###############     ###############     #############################################     #####     #####
#####     #####/////#####     #####     #####               #####               #####                                             #####     #####     #####
#####     #####/////###############     #####     #########################     #####     ###############     ###############     #####     #####     #####
#####     #####/////#####     #####     #####                         #####                         #####               #####     #####     #####     #####
#####     #####/////#####     #############################################     #####     ###############     #############################################
#####     #####/////#####     #####                                   #####     #####     #####     #####                                             #####
#####     #####/////#####     #####     ###############     #####     #####     ###############     #########################     #####     ###############
#####     //////////#####                         #####     #####     #####                         #####     #####     #####     #####               #####
#####     #####/////#####     ###################################     #####     #########################     #####     #####     #####     ###############
#####     #####/////                                        #####     #####                                             #####     #####     #####     #####
###############/////###############     #####     ###############     #####     #####     ###############     #####     #####     ###############     #####
#####///////////////          #####     #####               #####     #####     #####               #####     #####     #####               #####     #####
#####/////#########################     #####     ###################################     ###############     #####     #####     #####     #####     #####
#####/////////////////////////#####     #####               #####               #####     #####     #####     #####     #####     #####               #####
#####/////###############/////###################################     #########################     #####     #####     #####     #########################
#####               #####/////                              #####     #####     #####     #####     #####     #####     #####     #####     #####     #####
###############     #####/////###################################     #####     #####     #####     ###################################     #####     #####
#####               #####////////////////////////////////////////////////////////////////////////////////////////////////////////////////////////GOAL!#####
###########################################################################################################################################################



----------------------------------20x20 失敗例(遺伝子10、歩数２倍))----------------------------------
LAST_SCORE:[16, 16, 10, 10, 10, 10, 16, 10, 14, 34]
1:[0, 2, 2, 2, 1, 1, 2, 2, 0, 2, 1, 1, 2, 0, 2, 2, 2, 1, 1, 0, 2, 2, 2, 2, 3, 2, 0, 3, 1, 2, 2, 3, 2, 3, 3, 0, 1, 0, 3, 1, 2, 2, 0, 3, 2, 2, 1, 3, 1, 2, 3, 1, 0, 2, 2, 3, 1, 1, 0, 1, 2, 3, 1, 2, 1, 0, 0, 2, 2, 1, 1, 0]
2:[0, 2, 2, 2, 1, 1, 2, 2, 0, 2, 1, 1, 2, 0, 2, 2, 2, 1, 1, 0, 2, 2, 2, 2, 3, 2, 0, 3, 1, 2, 2, 3, 2, 3, 3, 0, 1, 0, 3, 1, 2, 2, 0, 3, 2, 2, 1, 3, 1, 2, 3, 1, 0, 2, 2, 3, 1, 1, 0, 1, 2, 3, 1, 2, 1, 0, 0, 2, 2, 1, 1, 0]
3:[0, 2, 2, 2, 1, 1, 2, 2, 0, 2, 1, 1, 2, 0, 2, 2, 2, 1, 1, 0, 2, 2, 2, 2, 3, 2, 0, 3, 1, 2, 2, 3, 2, 3, 3, 0, 1, 0, 3, 1, 2, 2, 0, 3, 2, 2, 1, 2, 1, 2, 3, 0, 0, 2, 2, 3, 1, 1, 0, 1, 2, 0, 1, 2, 0, 0, 0, 2, 2, 1, 1, 0]
4:[0, 2, 2, 2, 1, 1, 2, 2, 0, 2, 1, 1, 2, 0, 2, 2, 2, 1, 1, 0, 2, 2, 2, 2, 3, 2, 0, 3, 1, 2, 2, 3, 2, 3, 3, 0, 1, 0, 3, 1, 2, 2, 0, 3, 2, 2, 1, 2, 1, 2, 3, 1, 0, 2, 2, 3, 1, 1, 0, 1, 2, 3, 1, 2, 0, 0, 0, 2, 2, 1, 1, 0]
5:[0, 2, 2, 2, 1, 1, 2, 2, 0, 2, 1, 1, 2, 0, 2, 2, 2, 1, 1, 0, 2, 2, 1, 2, 3, 2, 0, 3, 1, 2, 2, 3, 2, 3, 3, 0, 1, 0, 3, 1, 2, 2, 0, 3, 2, 2, 1, 2, 1, 2, 3, 1, 0, 2, 2, 1, 1, 1, 0, 1, 2, 3, 1, 2, 0, 0, 0, 2, 2, 1, 1, 0]
6:[0, 2, 2, 2, 1, 1, 2, 2, 0, 2, 1, 1, 2, 0, 2, 2, 2, 1, 1, 0, 2, 2, 2, 2, 3, 2, 0, 3, 1, 2, 2, 3, 2, 3, 3, 0, 1, 0, 3, 1, 2, 2, 0, 3, 2, 2, 1, 2, 1, 2, 3, 1, 0, 2, 2, 3, 1, 1, 0, 1, 2, 3, 1, 2, 0, 0, 0, 2, 2, 1, 1, 0]
7:[0, 2, 2, 2, 1, 1, 2, 2, 0, 2, 1, 1, 2, 0, 2, 2, 2, 1, 1, 0, 2, 2, 2, 2, 3, 2, 0, 3, 1, 2, 2, 3, 2, 3, 3, 0, 1, 0, 3, 1, 2, 2, 0, 3, 2, 2, 1, 2, 1, 2, 1, 1, 0, 2, 0, 3, 1, 1, 0, 1, 2, 3, 1, 2, 0, 0, 0, 2, 2, 1, 1, 0]
8:[0, 2, 2, 2, 1, 1, 2, 2, 0, 2, 1, 1, 2, 0, 2, 2, 2, 1, 1, 0, 2, 2, 2, 2, 3, 2, 0, 3, 1, 2, 2, 3, 2, 3, 3, 0, 1, 0, 3, 1, 2, 2, 0, 3, 2, 2, 1, 2, 1, 2, 3, 1, 0, 2, 2, 3, 1, 1, 0, 1, 2, 3, 1, 2, 0, 0, 0, 2, 2, 1, 1, 0]
9:[0, 2, 2, 2, 1, 1, 2, 2, 0, 2, 1, 1, 2, 0, 2, 2, 2, 1, 1, 0, 2, 2, 2, 2, 3, 2, 0, 3, 1, 2, 2, 3, 2, 3, 3, 0, 1, 0, 3, 1, 2, 2, 0, 3, 2, 2, 1, 2, 1, 2, 3, 1, 0, 2, 2, 2, 1, 1, 0, 1, 2, 3, 1, 2, 0, 0, 0, 3, 2, 1, 1, 0]
10:[2, 2, 2, 3, 2, 3, 0, 0, 0, 0, 3, 1, 0, 2, 1, 0, 3, 0, 3, 1, 3, 1, 1, 2, 0, 3, 0, 3, 1, 1, 2, 3, 2, 3, 0, 0, 0, 3, 1, 0, 1, 3, 2, 1, 2, 0, 0, 1, 3, 0, 1, 0, 1, 2, 1, 0, 1, 2, 2, 0, 0, 3, 0, 1, 3, 3, 0, 2, 2, 0, 1, 2]
*OPERATION CHECK* 上(0)下(2)左(3)右(1)
近似解:10000代目の第3個体
#########################################################################################################
#####START#####               #####                         #####     #####                         #####
#####/////#####     ###############     #####     ###############     #####     #####     #####     #####
#####/////          #####     #####     #####               #####               #####     #####     #####
#####/////###############     #####     ###############     #####     #####     #####     #####     #####
#####///////////////          #####     #####     #####     #####     #####     #####     #####     #####
###############/////###############     #####     #####     #####     #####     #########################
#####          ///////////////                    #####     #####     #####                         #####
#####     ###############/////#####     ###############     #####     #####     #####     #####     #####
#####               #####/////#####     #####     #####               #####     #####     #####     #####
###############     #####/////###############     ###############     ###################################
#####               #####//////////                         #####               #####     #####     #####
#####     ###############/////#########################     ###############     #####     #####     #####
#####               #####///////////////          #####               #####                         #####
#####     #########################/////###############     ###############     #####     ###############
#####                         #####///////////////#####               #####     #####               #####
#####     ###############     ###############/////#########################     #########################
#####               #####               #####///////////////#####     #####                         #####
###############     #####     ###################################     ###################################
#####               #####                                                                      GOAL!#####
#########################################################################################################
